1481
130
9411
2273
7659
2327
8874
4578
6775
8937
7482
5338
1
1166
6051
6427
8279
7384
7089
362
7093
5477
6017
8079
8572
6559
5662
6363
5724
4058
4885
8862
5694
8447
7804
6223
9675
9378
4777
3509
2001
9132
1849
2987
8169
1166
5117
9479
1114
9350
5601
8006
3597
9766
4534
986
330
1466
6079
2005
8036
7034
9826
3198
139
9331
6961
2051
1303
8795
1168
3066
5648
5284
5947
8521
5028
6257
4186
4287
3650
6164
7573
9283
6868
2170
9534
1345
6890
9119
4274
9442
5052
332
1613
7873
3051
54
2603
8163
9443
6718
5871
6356
3215
8294
8132
6312
8593
5526
1388
7353
9071
2644
5693
2804
6935
2252
7113
4019
3802
4421
6798
2168
646
3341
5139
2266
9874
7664
1742
7150
5572
6538
9357
7179
1682
8310
3920
5337
2428
3719
627
9802
2696
325
7776
2177
1315
1915
2099
1551
228
8559
5577
7117
8238
8188
78
8044
2314
8208
4297
3009
5280
5510
3639
9037
203
6012
4029
7398
776
3233
4345
1997
6918
3663
8260
429
3492
3646
786
2482
2515
3759
4490
8148
5035
4228
7976
8204
4159
9018
8518
4171
6366
4913
8981
5270
7197
7721
1910
6958
5962
5215
790
4879
57
9515
6742
5418
6477
6330
6289
6368
5120
6386
5284
9086
3130
8622
9049
9917
6586
1605
8058
481
4853
1498
6746
8066
6645
8412
3097
9973
503
5549
4221
5274
5882
7945
1964
2299
1391
4961
8219
8520
6214
3022
9833
6314
7843
2664
5373
3510
5728
3057
2720
8909
9400
6221
2385
6335
6589
1860
7594
594
7886
1505
5377
7352
5930
7202
1305
7238
5537
4693
2151
5353
3471
9741
8340
8471
3771
7639
1263
2512
3333
3565
2704
3173
6155
8858
1843
1178
2292
5290
4478
420
193
7985
9797
4974
7508
4805
2782
555
6133
6472
4691
7930
6074
7830
7177
5138
2337
991
6426
1756
9489
2441
2010
4566
7053
3007
7144
5101
394
5952
6114
9159
4750
9650
2339
4319
1246
6277
1233
7638
4282
8760
75
8978
650
6341
3566
1019
6101
9786
4603
9135
1332
277
2860
7918
6782
3679
6858
3712
4167
1441
6572
5171
6408
9349
2363
1249
1683
3155
1997
2685
8301
1222
6152
4440
5270
9022
6292
7490
2185
9515
7122
1160
3890
3154
1366
9301
8524
3249
7852
8408
686
5391
7837
6992
7346
2809
5477
9879
8919
956
1463
7930
1668
3610
1416
5886
1986
187
3143
3133
9875
8671
3957
3318
362
7891
3941
2956
9495
4967
3493
4868
1346
73
2977
4730
276
9648
524
3990
3955
6462
9291
3310
321
3336
6433
4477
2675
7372
5188
5096
2139
4150
2153
7180
6255
4775
4114
5391
7799
7930
507
1396
6656
5091
468
2773
8570
2213
8506
2176
1745
3215
7536
2519
7861
2437
2370
8394
5337
8815
2901
6243
1276
7531
4084
6868
1011
2167
5649
613
3844
6915
2072
4170
8999
3048
2633
3982
3088
9843
5868
3809
860
6394
6613
237
283
1544
5999
2211
910
9749
9215
7161
3770
2811
9672
2194
7239
5792
9115
9173
4316
5076
8539
5787
3710
7283
9994
7834
16
4438
5565
741
853
6833
4967
4782
2732
5857
8108
3147
1241
3031
5960
1422
383
9442
9946
7706
8857
6000
9030
5577
574
194
6743
7823
2764
959
590
3379
345
7386
9530
7016
607
1168
2448
4333
2986
695
971
7272
6572
7747
5915
6862
1160
8426
168
8943
2298
9064
1600
5765
1273
1656
3819
9630
8962
5397
6393
4190
740
7856
4988
9823
1564
865
5900
4780
2848
5746
8414
5169
333
2112
3410
6132
2436
7302
756
7165
5735
7001
1841
7592
724
9460
4082
1613
1478
685
9591
5043
8426
5009
6401
3613
3750
3269
2336
3205
8710
4942
4922
2807
8579
6961
5141
1663
5819
3567
8982
4689
5636
2132
3880
5361
7808
4428
3565
1345
7080
6877
3310
7711
3950
6040
2759
8637
9756
6208
7582
4584
9238
1785
7499
9195
8692
5150
8849
1423
7918
7343
1270
2167
8877
5400
1587
2869
8896
4370
6220
4974
2344
8607
4912
5920
3741
7607
8127
6820
4201
6949
1194
3316
6568
2403
8624
1597
3319
2356
2587
3981
8193
1949
2737
1862
874
7079
5158
1402
6713
5602
3361
9044
1079
1005
1021
8327
410
388
2495
5811
1283
9011
1763
5816
1410
3067
4674
3088
6476
7508
7047
7095
1551
1157
6594
3366
3518
13
5341
1798
3650
5798
4097
4765
7083
8074
9304
3082
7128
2379
3316
1977
2371
7052
5978
567
8695
2846
4613
3808
4990
6832
9302
6709
3219
4418
7705
6029
897
4122
8517
7919
7825
6683
8376
7823
3984
1275
9301
4502
6603
4056
2298
3291
6864
6987
6662
1500
1246
4132
6299
1671
2548
7131
8391
2608
9401
4778
6524
8261
1897
4885
5072
4080
5939
1483
5954
1623
9275
2406
2539
3716
8970
241
1742
148
5868
1229
5201
3027
9933
6542
2934
8515
8612
8545
6042
7601
3960
4738
8097
2767
7451
8087
6908
6586
4080
2217
1351
8291
657
4780
8812
3429
9755
1212
9771
6720
4530
6973
2494
2583
8586
5245
6276
8998
1898
3667
5574
8603
1995
1765
2540
711
2976
3752
356
8218
9361
5342
3364
516
1525
7550
1757
6205
8533
7988
5193
369
3491
5815
6854
5795
7215
7796
4381
8134
7020
9436
8937
3112
7166
6757
9669
3506
8261
4009
3254
3494
5530
4307
2113
8527
6068
4230
1797
4630
6500
9370
6325
4959
4857
9099
375
4266
3174
1556
4276
3762
2928
9005
1038
570
9470
3049
7725
3300
8335
2775
2914
4542
5323
8149
4037
5868
884
6174
7940
8039
1518
1687
527
6585
7426
5419
3939
8269
7649
4011
942
7846
7527
7832
2289
5512
5335
1038
9320
1712
4039
6851
9345
6902
1749
4112
9682
9236
5210
2311
7730
9970
9915
6902
2341
2913
9494
8215
2540
5829
3659
4567
8476
4848
1802
5764
4403
4691
5929
2900
1109
3961
8742
2638
244
6575
6300
1391
3107
8971
3524
576
6876
970
7813
3340
1658
1868
4385
3998
6646
3745
7498
227
2305
1684
5730
2999
8554
4829
5642
7834
9509
5624
3208
4193
1754
8033
1608
5382
5859
3588
2266
8784
4359
1887
9058
7774
2053
5098
1555
5386
8318
9855
6485
6549
8849
2950
7052
5553
3509
4448
7341
7197
4925
9779
5576
5603
6455
8824
5075
7061
3689
6835
2958
5241
9333
7183
3635
808
5676
3917
109
6257
2742
2574
1274
2811
6666
3721
6050
7965
955
5011
8439
5466
4931
5807
550
6464
8006
4674
722
1834
6091
3713
2701
466
1704
8019
719
1720
5779
2520
9279
4136
5282
561
1867
1323
2386
3371
7948
7386
9233
6293
9850
277
5223
960
6920
8361
368
8623
7275
3490
4719
827
2025
6084
5191
6482
3815
1333
6911
2949
5660
7409
6591
3550
1154
8442
646
8580
2817
2509
1664
6008
4763
7029
7313
4516
5885
6507
4596
2678
9577
9660
2562
5851
3220
5255
9589
4430
9172
3742
7626
9393
4465
6621
2694
6909
959
5742
6039
5037
6836
8514
1496
2796
7238
8500
8044
9309
6092
902
448
9589
3362
6425
4819
1271
4093
9598
1634
7444
1155
2635
1849
748
311
6392
4887
7472
4188
5359
9683
1644
1163
4051
5718
8948
154
4694
3162
3737
4316
7409
3934
7202
1424
5963
5316
7482
174
655
3271
6377
2706
1862
4658
7765
6617
6861
7609
6740
7146
7246
8707
1629
8197
4732
4587
2414
6086
4455
7825
6565
42
1757
4170
3286
7373
5292
2188
99
1686
9695
2308
1704
2830
8995
6752
708
4380
7792
9474
3134
6754
6320
1985
9423
3877
6965
2780
2662
6709
7215
9884
5633
2154
1798
6982
4341
9029
217
2832
5872
7916
977
3608
7375
6107
6797
7641
9874
3359
8125
856
4399
341
5954
4444
7733
709
5211
7667
1323
3819
2601
6130
2548
829
2031
5237
2800
2502
9606
3846
8170
4165
6911
5144
1590
3989
2726
47
4399
2583
8273
4989
2884
6882
9824
2605
4345
9989
3060
5348
5650
1516
7884
8117
4160
8223
7012
8861
9361
8512
6005
7043
1260
2488
8673
2395
8217
1038
7305
1677
2029
8109
5862
9949
5404
4684
5881
6954
1016
2272
6592
8136
594
7261
8084
9610
7650
1813
4923
9604
9542
2655
4167
5141
1369
149
5273
3338
7859
9222
7417
4795
2598
109
8925
5179
6727
561
6833
6675
9723
2785
3080
5346
650
1159
7713
9178
8187
4465
2891
4982
3564
1893
8053
8506
7266
9885
6260
1697
1365
1793
6382
9602
7612
8019
4618
987
3731
3419
2232
2501
9377
2851
5020
9352
604
1197
7191
6524
9836
6575
2221
6790
7000
3218
7908
2445
1310
7789
635
4005
2281
57
121
820
6687
559
5248
2629
3382
1846
4879
8236
9339
5212
8552
6310
8462
7848
5597
5736
7709
6090
2437
3266
3981
1219
1056
5953
6392
6067
4109
2085
3366
6736
2712
703
1336
4191
9917
4176
6216
9687
9276
7832
5043
718
846
7504
3231
806
8412
8381
1419
4713
7129
7624
5452
7935
964
3445
6833
30
4387
4295
1448
8216
6701
5851
553
597
949
7108
1865
5394
3047
6398
9986
7052
3820
3348
516
8406
1287
7179
8579
8099
6721
6089
6234
9098
7501
2627
1458
3568
6897
41
2983
3830
1017
4252
4047
2220
6964
3896
3792
3667
5786
1565
4344
2245
7221
1857
3078
6913
621
4794
8104
8761
5688
6241
1864
4933
2480
2399
725
3510
4784
1395
9454
7495
8119
5349
9839
8627
2251
6842
7906
6960
94
7110
8136
147
8596
9414
459
8426
6817
532
6381
2366
6647
7032
8687
8287
5805
2189
9495
5652
2113
2375
5019
444
3150
1389
7065
6900
7137
8865
6917
449
2884
9583
1746
7090
6651
7219
27
5096
7757
1261
7866
9338
8326
3233
484
491
4471
5160
22
6579
9086
5483
6410
1593
1414
993
5318
865
4314
8712
9848
6923
7037
6408
5121
1229
6906
1294
2671
2243
1047
4082
6763
6043
3257
4473
2658
894
4724
4547
4903
5530
1175
4941
6052
2523
7864
8008
7896
7888
5902
286
3551
4898
8650
1906
9716
7656
8305
8657
8744
5792
897
8085
5609
5843
682
4627
4872
5427
485
5397
1614
4305
8461
5763
3871
4837
2945
7865
2497
9151
9601
8482
8804
9844
5827
123
5925
8376
359
2764
3944
5781
4259
9759
428
839
4062
4257
204
8819
1084
5566
2912
6172
4744
171
2042
3544
6688
2199
6679
9214
1780
6887
23
3198
2836
600
5325
5036
3389
4669
4463
5423
9740
3682
3065
8263
7090
2392
7413
1388
7485
6660
1336
2176
6283
6603
346
723
3153
6725
6904
6306
2924
3517
5352
3639
9854
7661
8773
3301
8137
6051
1090
2136
7174
3469
3233
6097
5536
9067
5973
7889
4984
6745
5235
8090
7878
3780
5042
2156
4643
9068
9776
7949
7026
9662
6725
654
925
113
10
4112
3991
6392
8796
7516
4615
9609
7456
6141
181
2593
20
4486
4521
2702
8434
3085
11
7132
5259
5051
8630
2891
8645
4286
4209
9641
1257
5375
6514
4457
4830
8164
5370
2095
2252
3372
2884
9396
6580
9959
8225
5290
5302
1204
1006
9786
2582
5510
6096
9552
6988
1455
5878
9095
3526
3088
4139
6444
1203
8529
6872
9543
7483
8184
5184
691
8518
5266
4970
6126
1916
6742
5289
8306
3570
3266
2763
9539
6542
4286
4702
4715
8885
6988
8330
1608
8205
6221
1798
9793
3317
7510
1652
8618
7774
8143
6484
7403
7309
9285
8829
235
4405
5474
6683
7239
5794
1766
6722
3294
6172
7437
9780
6307
1460
3068
9508
1131
7541
9629
7020
861
7741
6163
2178
302
8834
2824
2622
9201
5799
7398
2576
2688
730
4012
3186
2993
9681
6632
8896
2706
6644
4567
8278
9537
7094
5502
5655
9904
5387
5379
473
8717
6212
1119
3
8967
9107
9856
7592
6213
3776
6207
7738
6942
6808
7855
1276
4859
2972
1047
1987
8618
3169
2433
5164
7881
2627
7903
2681
9350
1702
1775
5048
5959
7749
7223
4400
7271
220
9110
4877
7474
3699
6162
9298
6761
6830
7481
48
1253
6161
2006
4554
1889
6770
5927
632
4365
5155
2468
6752
4648
2280
516
8507
9737
3473
6116
8129
5111
315
666
5825
3852
9451
6135
4570
3341
22
3148
6859
4121
7197
3862
9709
3261
1207
2535
8102
8042
1148
241
2384
6101
6176
5939
1980
3051
3836
3546
1
2795
2012
5230
8590
7560
9943
9553
3352
2034
3990
3295
8584
7823
3201
1014
4166
5554
4548
5248
9690
3759
6509
1395
4121
1870
9920
433
458
6818
8309
2729
2359
5462
2978
7337
4224
5191
2147
2660
7494
5933
2340
4703
8169
2646
8608
5334
8654
2947
2638
7845
2072
8126
4471
5013
753
348
3329
9587
4847
3274
2959
4466
8835
9258
1457
7981
811
3899
9236
26
8467
9075
7771
8083
5274
6953
3422
6151
6350
7103
2336
9987
428
1278
8281
5258
4883
560
2646
8780
9618
2042
8802
9968
5189
31
9181
7615
6896
7651
9394
1716
5192
5817
2079
1054
6000
3665
2933
1936
4278
9719
3257
9356
3840
8211
5250
6290
8591
201
4225
6068
4759
1882
9475
9382
8462
861
6639
1678
4424
9129
1069
273
4814
5824
8631
935
7212
4375
9171
4309
3460
9537
2795
4418
9643
776
2192
4616
1745
1725
1823
5198
1973
634
8308
8473
8102
8495
7539
9886
8735
1885
8820
44
4506
4045
1652
4740
9584
8612
79
7812
3341
5268
2337
8812
7177
4260
7348
441
1703
8359
5630
8168
7380
9087
1931
7763
1131
999
8066
1568
5315
9800
8864
1797
2092
5735
4963
8734
587
933
6111
8515
4398
5688
6803
6793
5532
3277
8040
8559
8031
1207
9884
5301
3966
3993
2987
8942
4691
2428
1472
6796
7520
8111
2915
8664
9334
6524
5437
869
79
4829
6337
7591
9488
9213
4042
432
9301
4205
7878
8586
6640
5876
5294
5977
9492
9010
1473
5837
238
9288
2545
5271
9522
4288
9199
2638
7079
6270
813
1373
6423
3024
629
6360
2461
3497
8337
7641
3352
4560
8481
2614
141
791
1897
3830
1106
315
9094
1834
8797
5594
2631
6144
3666
4446
6720
3369
7522
805
144
532
7871
1193
6344
7428
3317
4483
3223
8454
697
2020
9604
322
896
3974
8885
9004
2220
4019
1608
4113
5170
2433
8976
4565
5725
1134
5824
8712
2447
9219
7047
307
3785
7240
5380
9904
249
7789
7152
8216
428
15
4944
4180
3115
1533
6154
9941
6794
8324
5459
9919
65
9442
648
3102
5923
4675
4502
6593
8174
516
6471
731
5028
4680
5969
5937
1555
1874
1838
7379
7139
4853
2110
5391
7781
9382
5312
2152
7843
8048
5713
1704
1710
1540
1756
2611
9387
617
3697
7048
1511
3798
9883
2662
1233
426
7628
2272
7812
8657
290
5577
5225
7560
6883
5421
832
6106
1738
5061
8779
4015
7523
3366
2419
4985
6327
8240
4507
3517
9012
6872
6297
4470
6783
9855
8004
6669
7455
7296
9007
2945
4404
4952
2326
3197
1971
9535
9158
9468
3794
6513
4680
7973
8933
1202
1358
2356
6561
4535
2475
953
2733
1016
6348
3032
5738
7609
783
5572
3894
6326
1124
8700
2553
6363
9862
3496
9368
7939
5267
7282
3658
7415
7660
896
7464
915
62
5460
9026
9835
2922
8861
4230
6680
7403
2353
8540
8730
4059
2835
3743
6112
7234
562
8005
2915
2925
1918
1965
5836
9176
582
907
9214
3976
9567
9209
1070
6974
4662
9185
9599
7407
7996
1373
1678
7265
1432
8634
4377
9044
10000
5248
7811
4398
5278
168
5250
9975
1272
6850
2273
755
7844
371
8120
1071
1091
4456
4349
7500
4531
3690
4329
8725
2362
3261
509
7555
2162
7629
7981
3542
310
7524
7992
6287
8772
1010
8829
871
1927
4648
6655
7224
2997
3380
9013
7346
532
149
6903
2633
3326
9672
7628
4431
533
7471
8243
9103
3393
3854
9683
8843
2272
3278
8070
7149
9192
2571
9895
3632
7019
3371
2676
1833
626
7196
6563
269
7487
1723
7907
5601
7219
3745
7113
9375
7335
8362
1639
2309
1886
4675
3722
5448
508
5767
9875
2940
5145
9932
5523
2349
1823
7726
5224
369
2661
2037
5903
3896
6155
90
7156
7959
4509
1239
7680
3349
3268
9828
6156
9426
4954
5988
2216
2158
9691
6839
3402
5264
9836
5896
8414
1120
8158
8689
7336
9484
7862
5384
8458
7915
3826
7310
6276
8730
2994
745
3393
4173
3640
6827
8346
7900
2064
9918
9458
925
8702
9340
3432
6502
5588
5805
7203
4638
6360
8984
928
3642
2890
4126
3978
890
7135
6249
2487
4496
1773
6709
453
6626
8396
4843
2239
3477
653
5534
1222
3432
1679
654
6380
4221
2382
3686
7033
8656
6936
2177
6646
9515
4802
17
9098
958
1145
6260
8215
702
601
1035
1566
382
5937
621
1939
2483
5949
5994
4511
4449
4879
8371
7603
7225
3622
5973
4892
8811
1500
3489
2367
4325
4967
5264
2370
5841
5246
4615
4892
1285
349
2399
4840
1966
8289
1715
5967
3571
830
2610
9106
4353
6438
4866
3185
9172
6324
1795
5133
8057
6567
9536
78
1636
5989
2335
6308
3494
1236
262
3507
82
6498
2465
7867
9898
9293
2882
6884
5988
2037
2198
8149
1864
4917
4156
8187
7684
4459
7674
1148
9777
1268
2597
1385
3121
1733
8665
8272
7232
7052
3189
7908
6079
503
7155
1486
4831
8997
9568
9817
8720
6049
7201
6665
7747
5404
4105
5401
8033
6257
1815
6956
74
3493
8828
214
5148
228
9147
761
243
8943
772
2787
9327
476
4974
2260
9853
3159
999
6856
4969
3445
3848
8715
9047
4844
2940
3726
7637
7882
4535
6588
2385
3206
279
6056
826
4701
9166
6770
7143
4575
1957
3795
7375
1330
2808
4901
3794
6843
3382
9775
4104
7883
4654
5514
2176
9812
7138
6311
9693
5239
221
2086
2802
8776
1628
9556
9571
9998
6726
4319
3582
5633
2208
2545
6761
8509
7417
6215
1938
5479
1717
7685
5247
2104
3431
1217
7550
2076
4591
9545
3487
1565
1288
5958
3263
9503
3528
7632
8883
6831
4610
47
7835
6377
9777
6087
7409
5639
765
3172
8043
6785
2683
1686
5830
7110
9271
7493
766
6715
1912
4519
721
7034
9863
8958
872
1834
2322
7253
928
9878
3563
5384
2889
4611
6380
3247
1051
1346
6546
7495
4573
7138
5183
7818
7386
3247
8552
4353
887
9997
3682
8571
2162
337
578
1071
1437
5971
1394
7646
7374
9420
1655
4887
8288
9838
226
2472
3057
7678
8085
1480
5324
1834
3533
3979
8709
506
4110
8033
6862
8090
8778
4903
4752
6572
3228
3487
9767
732
9397
50
3169
6698
2682
5533
3830
6510
5745
3607
7166
9996
9197
2851
2710
4494
1757
8347
8584
5896
1344
7733
2508
4683
347
3250
4287
8048
7073
323
2361
2591
8259
3257
5930
5274
1669
4126
1162
7506
3561
8781
7374
1008
912
8825
9547
6061
3477
7141
5438
4378
1581
5085
9336
3039
2687
1106
7470
2153
6840
6986
456
1050
3511
7460
6311
2142
9255
7230
8545
717
196
368
8060
7535
4325
725
4222
23
1414
3626
925
4338
466
5195
6530
7985
41
7448
5705
1174
8627
5572
693
2294
333
3506
6500
8601
6897
4453
4359
7776
2485
8821
2966
1677
269
8767
1592
3718
1070
6797
3209
5899
4000
6090
2351
5179
8084
2425
6431
8087
6064
9112
6899
1447
6164
9937
6272
5179
5804
3681
1353
5018
9558
8336
512
4916
2537
2905
4955
3252
1516
88
3570
3784
8272
8099
6980
7115
4254
3149
2382
7115
6922
9842
5997
1800
6355
3440
6144
8860
457
1807
4771
7604
826
9056
1150
2983
1645
1606
8277
7101
5814
6348
6981
3932
6958
1976
6255
6326
9368
2724
4129
6448
1087
3800
5065
7987
6877
9976
2249
9531
8711
4714
9568
8594
5871
9117
2623
2501
7535
8093
1181
2155
1945
3262
2499
5910
6154
8840
2246
3077
8647
9991
5834
8443
1496
8456
7907
9091
295
9912
9485
6499
7191
2344
2689
736
9842
3434
9768
8180
8921
957
9595
7927
5466
7840
3491
3643
5800
1660
25
4613
9505
8828
1189
6027
8372
4922
4791
1302
6260
2763
5670
4606
5885
6114
4798
7962
9203
5427
1795
247
298
5613
6639
5176
6487
2965
7425
3410
2440
1352
6331
600
1138
2760
1629
8244
1328
3051
524
2800
9973
5923
7706
4937
6981
7465
3039
7995
8042
5376
950
3707
1245
9487
3896
3257
5278
5588
5059
361
4947
2223
8024
4855
7985
6619
9617
5336
3269
6294
2126
6373
3823
7118
9532
3367
3453
9114
4878
1828
6023
2097
820
1656
9556
829
9229
1696
5185
8985
370
3355
7866
2040
971
1898
9424
8147
2636
6227
7730
4295
3163
3599
2431
2408
6773
9111
4861
1720
1545
1601
1600
3106
8949
292
5414
1022
2859
397
6517
343
1901
8030
3926
2134
9259
1764
5879
3860
3095
1169
7464
6024
1856
558
7098
372
4262
4624
1354
7107
2049
1227
6384
8247
6840
3643
1508
970
9855
6816
1226
7222
952
6300
3362
6130
9008
5634
2301
3104
4719
4865
5454
9496
272
1475
9273
3639
1028
8902
1338
2613
679
84
4558
3970
3163
2456
1037
1582
1172
7072
4076
6258
7482
5740
9403
9978
4505
6374
208
5335
5699
9895
2702
9891
6788
186
1780
1675
901
1380
8592
3917
8483
6576
2085
1540
4344
7115
6456
6082
5040
7335
9614
2901
697
7061
1099
1343
2146
7180
5658
2018
4396
6667
7667
9504
3821
8306
7919
4342
3226
9367
8076
3087
6017
6383
2455
8332
6772
3551
4810
4858
977
9527
5013
7920
2485
6100
3846
8751
5906
2709
5564
3368
8066
3328
8402
2110
3379
8673
1622
8777
7430
3503
4385
7341
2776
6977
848
2484
8026
3634
4399
9817
4667
6681
7373
5952
4301
9189
3030
2833
9330
2554
6577
6993
7579
1049
7613
8743
7041
9767
3612
1222
8349
9755
5304
6552
956
45
8320
8244
7947
3319
3080
5717
423
4671
8793
9289
7076
2273
1667
551
7038
8546
8939
1595
8971
7599
3771
9364
8226
2643
1150
1794
4311
2022
8048
3229
5043
7520
8746
6040
8404
9702
7606
3285
2107
3672
7208
1441
357
2074
4350
6524
9023
1104
9308
5916
7047
6730
9093
6909
541
2568
6052
5874
6003
5655
1010
2401
6031
9817
9505
2015
7885
9144
8859
1088
5711
5896
2370
1734
4868
1564
2673
2179
7305
8604
9928
8279
3418
8399
1626
7896
103
9523
3251
2727
9542
7888
3917
293
3611
4870
7326
5968
6757
7961
9368
6528
4022
4347
8642
8306
2683
7731
9149
5711
8915
4321
2966
4424
5862
4884
1079
5870
8968
7038
3460
5153
5966
5256
1796
5370
7329
2166
841
9296
4585
1546
8036
5931
747
4294
787
2525
8392
1920
15
5126
5790
6431
7619
2494
2073
4009
5124
3731
999
7528
151
7950
4452
8059
8535
637
450
9550
7899
2483
6711
7053
5119
832
1630
6916
9332
6626
5729
9453
4843
7907
1461
897
6644
8481
6322
3788
384
7541
1083
1340
369
7002
5128
8062
8459
3658
7974
239
8679
6191
8584
9503
6419
4115
9147
951
8911
1035
6072
6091
9159
1777
1558
2513
8337
9280
7036
4210
418
2759
9395
5528
2628
1988
2447
9590
9168
8789
5134
1450
8276
1946
9294
5193
1377
7068
8347
4187
1338
9196
2188
3626
2886
2679
4694
8710
707
7210
2609
2995
625
3891
3421
5144
1384
4888
806
6406
8673
5491
6036
780
3871
8790
6554
4802
8435
6220
5609
1154
2858
618
5657
4573
799
9947
4773
6619
4777
4502
1030
6663
2928
3259
9670
5960
4108
4729
4857
9748
8243
1175
238
458
1030
908
2424
7079
9329
7110
2428
4588
4135
9080
3673
64
1150
6763
7415
2577
3928
4390
8931
374
3962
8532
3947
6411
7998
6229
1614
8039
8301
4274
7210
4419
6256
2861
2275
6276
3016
2238
5753
2331
21
6552
126
5178
3966
3501
4542
6088
2978
3065
7110
5457
6393
2029
39
8729
9100
5874
2625
3431
5737
7571
2825
126
6187
4821
5990
4253
7080
2917
5680
4968
2092
3922
1860
9275
3485
4832
8779
6069
1030
3793
7175
8263
6615
6510
8828
9613
5351
6855
7247
2558
9761
4149
4258
7192
7656
9164
9939
3892
8183
6524
5858
8518
2490
8095
6843
419
8634
2188
5499
8883
4001
2030
6913
6673
210
8024
3864
8304
4497
3183
3640
3139
8674
4106
272
5647
7213
7694
7977
6918
3218
9636
4927
6034
9663
815
4233
4959
2062
6422
2237
5439
5061
2938
3871
4993
7281
7193
2813
4321
8711
4096
8032
9770
5331
1922
7870
3530
3111
3914
2658
7109
3356
3656
3727
477
1050
9451
8440
5135
9064
5399
6638
9301
2743
4745
3740
4144
3811
7742
7914
9280
9516
8673
7574
3652
6724
7173
1265
7817
4586
2103
4073
1064
7819
5724
671
8016
7334
9780
8795
7841
3875
3655
8939
3729
6952
1067
1833
9912
8848
8597
4622
499
8094
4766
8020
496
6263
2649
3262
3550
2112
9951
309
3484
7191
9000
3364
2188
6947
6870
1140
5185
4671
9977
6865
6166
8697
2458
2406
9706
2626
8538
2615
376
1219
9388
813
4524
5662
9742
9462
7760
7898
4369
5544
8048
9174
2586
9862
3598
4937
7131
1426
3882
6678
8744
10000
4060
7591
6423
1489
3878
5756
8313
816
3965
6665
8275
6422
6674
7815
572
9752
9227
8971
5949
7748
3272
4825
8709
4847
2715
928
2441
3118
5746
243
7640
5213
6957
4920
8240
8354
1969
3297
9719
7483
8012
2352
4247
5658
908
5342
8026
1264
3830
9149
8209
8877
5804
4767
765
7240
5351
1721
9913
4431
3357
7248
5015
251
6580
5964
568
9150
8650
4685
6764
1416
9984
7559
2147
5160
7386
9342
8392
2845
6979
792
7554
8863
2507
2385
9916
5153
282
2846
1501
3135
5066
3880
6149
2378
3735
8341
3343
3692
9097
64
9131
3001
1360
1384
7464
4390
690
1833
3046
544
2317
9098
8734
5598
1318
7819
5586
248
6542
7786
5125
9920
5583
1571
362
3749
4892
8732
3234
7169
3565
6232
7676
1868
6913
4177
6641
4546
9229
1165
2
126
9807
9862
5435
9709
6668
3300
6150
1811
4018
1650
655
7587
8681
3153
3709
1953
3212
9573
3510
894
5634
7144
9603
1734
3518
2937
7069
9815
2559
9166
5158
1942
4657
5799
7876
5587
4102
9895
1387
7732
4915
6339
4461
3434
9076
3199
3375
3391
4336
1242
5344
2317
3141
4915
3146
117
5858
729
1149
2935
5075
4986
1714
8887
7516
5958
2729
7835
1562
9775
2143
5224
9486
9384
4505
4081
921
8505
7134
3638
1529
6109
4135
2488
2956
2415
1783
1209
3436
2098
7415
5186
9864
7089
7075
4692
5358
6826
4996
1689
6715
9594
6166
9986
390
3947
5764
3788
3604
4332
2903
6000
3807
7176
2424
4245
2102
6481
5314
6508
4939
479
2095
1909
3566
1857
6248
2303
2430
4720
3753
9608
8782
6257
1034
7456
3395
7815
20
7718
6723
6520
8293
7558
4790
479
2347
6341
571
7089
4159
3565
9600
8810
4082
2113
3487
3061
595
4405
520
6896
9287
4714
8091
5259
2157
6687
1715
1775
777
663
1414
3298
9901
513
2261
3838
4162
3972
2806
3511
8554
8073
7399
5111
1377
2759
8309
8534
4556
918
3879
399
6325
3701
4628
6013
5849
1216
8883
5532
567
7627
6606
7119
7475
3087
7559
4439
7271
8756
3711
8249
5124
2209
1735
3383
4843
8353
7783
9931
4095
4289
8667
8506
2861
2112
2019
268
7109
1827
1092
8893
8165
4521
3266
5023
6853
5809
1570
6915
8996
412
7001
2386
4811
7320
1237
5871
6660
1602
2180
1828
911
1925
9562
1629
7605
7935
3026
8395
3803
7577
7029
2696
4779
595
8377
1283
8766
8300
7173
4946
7898
7480
9323
9001
5986
3241
2451
3890
4662
5738
6426
8936
4225
8675
8398
123
2240
9452
7623
7079
547
2113
921
6163
8162
2889
9567
2018
5172
7442
7870
7907
2398
2924
9583
5094
4902
275
681
654
9122
7747
703
830
21
8290
3313
1613
2961
4458
365
8007
6725
367
3851
9669
6752
5996
5776
8983
4105
9180
2751
4589
6397
5884
8731
5166
940
2203
9085
7525
341
8810
4237
2877
4855
5767
6979
8166
3958
8413
4211
2035
549
8935
8221
73
5957
6415
3555
7604
2959
5902
7454
2908
530
6412
4277
6634
9713
1201
7765
5465
9761
5134
783
9076
4475
3516
9664
2112
5727
2410
6383
8953
6093
164
9541
5951
6504
7494
2889
4193
5065
6925
9413
4110
8926
1
1223
3295
2940
5845
9179
4205
2848
8674
6882
4302
9811
4753
3124
9566
8407
2988
8025
8373
7815
8419
6449
342
2548
2456
1596
6332
3313
301
7213
363
850
3921
8385
7680
4676
2083
4245
9078
4145
9229
6654
6523
9602
1499
8161
3659
9433
719
8040
6293
6381
9458
9379
74
6265
9198
6701
4556
7968
5376
2890
3373
2243
610
1665
6748
6322
4879
8824
4895
9133
7039
718
790
8558
2637
540
1778
977
622
5320
5664
5132
1418
7615
3788
9249
1411
4263
3888
8356
5135
3725
8668
5011
1964
8298
7697
4021
7700
1453
8703
2467
4036
8765
6931
3844
5700
2328
931
9165
759
906
2558
8767
2153
9840
2263
1800
6334
193
2678
3004
739
2529
2172
9560
6362
1336
3620
7461
6431
2092
4534
1101
2150
2305
7135
120
2334
6694
9332
3251
3664
1195
9459
4636
7447
2843
5452
4553
2175
7578
8229
2216
930
9905
7414
8033
6646
3809
3037
8332
8342
64
8270
9828
8447
9871
9736
9670
741
9391
6090
5204
1809
5427
4941
9365
5508
3218
2768
5179
2697
5554
6771
3175
1189
7643
112
3717
5935
5172
8338
3213
4383
5328
9833
8266
7807
357
4311
6054
5826
3658
5874
7211
1369
4568
346
8139
8224
765
5574
1459
3028
979
9334
3147
3207
4186
2377
4570
1120
3932
9931
9444
6534
8076
4870
3388
9127
5117
432
590
6760
7415
4043
9724
4122
4806
4414
8315
6741
6598
6709
8
1108
2963
2419
9211
4139
892
8158
6928
1060
5918
7039
800
2918
4032
2412
3808
3549
5424
3647
4464
7520
5750
5722
4399
5831
1375
5110
6821
4527
5050
9406
9656
7856
1243
8024
346
7897
6112
3283
7488
9016
8671
4004
5908
9940
7794
7498
1266
2508
7738
8988
8100
113
339
6400
9747
4334
4421
310
6362
3318
8139
8727
9701
2977
2270
8596
1631
3580
5997
1492
4102
7516
3262
7865
169
8081
5256
868
2964
7860
1517
4384
5779
5176
6855
1130
3393
4837
858
9553
4561
5046
2563
5830
4248
9346
5252
6469
8339
826
2258
1055
9287
9647
5586
4697
4597
7569
6995
9598
6671
1067
9346
7984
1549
7695
2031
6228
3223
7720
2920
8999
7782
2196
2625
8214
5416
9936
6792
6638
4281
6790
271
3348
7971
6452
2581
6122
1115
6494
7198
9799
1207
8967
5369
7498
237
8339
7560
5521
7672
383
7675
4588
751
4071
9763
8227
9636
9817
5319
7847
555
41
6368
4980
2013
1599
4476
1277
349
3051
682
9170
4274
3900
8744
1687
1694
3081
2557
8814
1661
1408
4591
1359
2241
5239
4628
2751
6884
5922
4520
7797
4195
1680
5540
1526
4979
6053
5437
1306
7809
7754
1285
4467
9231
1627
8096
1291
3755
5911
8132
7398
5896
1919
7264
6657
33
6872
4160
3764
7484
8226
4721
7731
9268
9537
9591
53
304
3677
3847
7365
8589
2812
8918
4335
3776
942
3439
2318
6826
2599
6370
3931
6980
2664
7038
9802
8140
3703
7702
5258
4586
167
5099
5781
8252
5671
914
5614
5318
56
2093
3948
6507
4379
9545
1586
8997
5537
7121
9122
9515
8764
724
3323
9982
3984
5157
4371
4327
2423
1279
4857
2494
1580
3283
2106
9665
1330
6694
9501
982
6140
4126
8512
2438
9656
7500
8908
2993
8617
3047
7811
2609
1862
8934
607
3962
716
3590
4242
1638
7170
5077
4958
6457
357
731
2836
5977
5596
3573
984
8332
1155
4396
2377
3526
5938
76
1588
1745
5182
9611
2247
3786
7385
6846
2569
6963
8925
9496
6136
7688
8736
8387
7133
4092
7797
6840
4011
3058
9208
1582
7864
832
1741
4301
1059
6590
5088
1598
761
3426
1023
4046
9083
5564
5520
2677
3244
8495
7103
6624
4904
6498
1432
2177
2504
3255
3992
8733
3584
3210
2134
1255
7632
5142
1243
1213
4318
5601
5568
7367
7684
2896
1812
5161
3729
385
646
9313
927
6064
9694
2525
8363
5980
2294
9651
7850
8024
7365
867
3695
9031
9332
5797
6625
587
8128
2787
9610
238
4314
3155
5540
6811
9251
1591
3380
1716
3147
1000
8709
7940
9926
6432
5152
9803
1559
1607
1342
2585
8468
5067
5395
7350
3255
5576
7164
3608
3383
6738
6160
7739
2706
2844
1997
6814
6613
8480
4464
2359
7281
383
5801
4289
8899
557
8945
5262
9211
9728
3631
3276
6882
5671
5758
7524
5943
37
3230
2123
2455
165
2576
2433
9735
3171
4706
9754
6170
8876
9053
3217
6198
7374
9933
6125
2952
6119
8888
1897
6883
9477
4872
4687
2418
5822
2263
7018
3197
133
1150
7259
3079
4801
6371
7221
1637
9279
1170
1324
6611
5790
9492
3517
4113
7636
2012
746
1148
2633
2542
1901
3307
3405
9727
516
7575
1024
9995
6195
6212
4978
8692
5084
241
1271
2330
4696
4370
7331
5786
4318
8023
4329
8621
121
167
8146
2577
6465
7228
5533
5307
6177
8530
4
9631
5194
7771
1634
7435
4158
6306
3036
4393
1821
2887
8199
8295
6817
5732
3972
761
7978
814
9606
1875
4482
3926
8257
1297
8824
1464
3893
9308
1918
5608
9567
8341
2121
6993
5846
6830
490
8848
7290
2895
236
25
3005
9052
7809
6621
5614
8686
7261
3872
3943
8434
7116
3982
9271
1912
1133
3200
4059
4395
8574
7051
9332
8576
8995
9436
9875
8307
165
2253
8153
1053
2743
2030
1333
4050
3659
1132
9064
5519
3750
5952
640
8262
4393
4057
5035
7592
8971
6698
2770
4828
4481
342
9306
5181
5426
8175
5124
3914
1457
7977
2025
8667
5519
8434
9539
8120
1481
8685
7443
987
5561
126
2974
7162
5199
5239
4241
3197
9070
7132
920
7140
6295
372
4656
7988
7601
9198
9767
5145
6801
3817
2671
9032
3426
5716
9692
4504
5829
7164
2346
2833
8998
6106
9134
9286
899
729
67
8114
9638
4152
3609
9964
7315
8930
1711
7214
5050
950
898
8486
3831
3353
4558
8664
1286
3107
1653
56
626
3403
2825
5497
6214
2766
9592
8044
9977
5230
3812
1640
8657
245
8942
3045
720
988
8170
133
8141
5274
8854
9382
3583
7152
631
3106
8534
6252
3297
9222
7089
8246
3642
206
8136
1950
3385
49
1618
2718
2683
8725
4860
5874
5981
9390
4180
7778
5122
5442
9640
2830
2765
5628
4982
2171
3835
8308
8225
6441
1473
7693
8841
1653
7269
425
1659
5596
9673
1359
978
3988
2894
1622
9475
9816
5465
9456
970
2884
9881
3168
2108
740
4344
5018
4904
1989
9036
3903
5997
3909
2578
4126
8858
8422
9572
3499
3253
8744
7556
7540
6710
1398
2087
1116
1455
2750
4335
6652
338
7969
9008
7142
289
9319
7576
1124
6279
5329
7565
183
7058
7802
9405
7369
504
9135
2934
9484
7395
7133
4561
509
9934
2485
1504
9910
2100
7248
8319
2203
9012
3876
9443
4775
9526
3449
788
5539
2525
7206
3574
1360
1429
5900
1462
9729
7872
4123
6913
3625
8982
1508
1858
4616
7086
2230
3176
7655
1590
3392
4669
6438
9538
6303
5944
2831
6703
1174
3566
7775
2260
7589
3822
4756
1168
8764
6834
568
9970
7986
2335
5928
119
592
7213
7229
670
9922
1591
183
6221
196
6424
5721
1763
7278
2391
9216
8069
4383
9880
9321
5124
2977
9251
2135
4863
688
9491
2149
8636
1432
2113
6185
6188
8582
6545
5659
1915
7748
6805
8178
3317
5178
9106
5382
8363
4115
338
3596
5711
5801
3040
9298
7752
9403
5935
7480
1674
7811
2605
4050
336
685
760
9001
1284
631
9039
7432
6470
9188
205
6568
234
9971
9195
4561
8338
9173
5073
385
6541
7684
6155
8071
6617
110
5151
9975
6961
9893
5909
5374
2343
1851
2550
7293
1651
6866
5813
9633
9554
9573
4723
3794
203
1076
4783
2875
3174
9916
3145
2159
3195
8187
5432
8154
1236
9415
6630
1036
6226
818
6636
7616
5480
219
5986
8354
5591
3843
7785
600
5386
7173
5250
1198
4183
3827
7268
1828
7345
6819
870
7320
4955
6609
2501
8885
8259
6966
9060
656
7564
3975
6770
3701
7425
6294
4249
2529
468
4651
5879
2733
3248
1118
8781
6203
4547
632
6736
1603
1619
7631
976
4319
6789
4456
2384
9791
5529
8773
570
5657
3855
7034
1836
3736
8005
9048
3083
9176
4434
2653
3234
5914
9859
8821
4294
6936
4659
4931
9492
6365
1435
1116
7427
5017
8248
5927
6811
6041
9355
7321
6305
5281
7301
6607
2579
3479
522
4934
8987
9782
8745
9158
443
6780
8513
3054
8424
792
7673
7936
4316
8943
4585
4300
4477
5408
8350
8119
1105
9375
5481
4090
1518
9023
2099
5848
947
8396
8027
903
6286
7820
545
9056
7499
5680
9157
4435
8604
6889
9745
8944
2823
3181
8457
9290
3044
3017
9416
1203
8329
9810
658
9984
4365
677
48
4504
6956
9737
5884
5669
5662
8312
5257
8863
37
8888
1436
7999
2347
5546
1561
6620
6957
1285
7895
5933
5340
4225
205
6004
2821
2197
574
7032
274
6936
5794
481
7359
2485
6274
1041
5853
4199
2443
8667
5409
9835
9019
8415
6774
4863
2075
6906
234
533
5958
7912
8698
6798
9666
2256
4787
332
3008
3065
6144
4358
3219
6285
3074
1515
1798
7506
198
7317
1610
6462
3786
9144
5682
6738
379
8929
7009
4505
8192
4251
3988
3573
9432
8649
3641
4776
9741
5119
3802
9319
48
2272
1171
5254
8121
455
4999
7954
2600
4582
5132
7132
9566
5851
866
7322
9761
5556
4506
945
9859
6596
6956
8603
2290
3571
8599
8941
8532
7655
5445
892
4543
1578
8007
5303
2890
3202
5251
4129
1125
1221
5455
17
6677
2883
9737
873
4251
551
3222
9472
4281
1248
7380
5191
6027
723
3738
2285
1853
7643
5489
8752
1782
8044
8519
9946
5110
219
2875
710
771
1054
3072
8517
8848
7118
3068
5664
6915
544
1071
8201
6131
9072
9963
6806
3018
6904
640
2371
5369
6
183
8067
1984
856
2340
6138
2863
1200
5016
9405
83
6843
1890
2761
7638
5268
7208
9245
4781
9490
4033
1175
1995
7949
2395
8643
129
8672
1915
8890
9377
7059
450
9674
9097
709
9357
9956
9420
5132
9440
6916
2780
5901
4919
2485
5910
145
3245
8407
9631
7694
8591
2947
3204
7811
3793
7645
8720
6053
5598
5027
4686
6929
834
5344
3625
5231
7400
2808
6963
634
5154
1679
1020
5804
4679
6694
8467
5861
2101
8176
9302
1605
3657
2981
845
5256
8009
1474
6177
9019
6876
7541
9969
9786
1129
5206
6915
1922
226
3559
2450
6228
9072
3006
1278
9806
2903
3761
7674
2373
8476
8418
5028
8273
2901
6205
8326
3325
3118
3584
8512
6646
3948
980
9949
70
7727
6340
98
8313
5446
6806
8797
1175
4542
8795
8731
9677
5770
851
6418
6760
5088
3117
4115
1710
2751
9826
3748
8062
2137
370
8599
9193
8203
1656
1230
5580
4529
8632
2071
8583
8556
9790
807
6881
1251
1355
3626
5587
6146
1636
5986
9535
1507
5180
575
6213
4982
9157
8977
5302
8355
290
5384
3131
2547
7401
84
1959
4175
2333
3738
9
4873
2711
1697
7535
6753
3473
6194
1588
3802
862
9037
9684
4244
8894
9917
4295
1136
2678
9513
4479
5435
7476
7375
2213
8917
1688
5865
3294
2250
1368
4611
1401
8229
4931
2260
2434
9027
9135
2427
2948
6111
6437
8416
206
5789
8679
5475
9384
3372
8214
9811
1061
178
9413
7295
5989
5017
3456
4375
9687
1920
4634
2815
5689
9079
9155
5242
4286
1985
783
7638
7715
6809
8191
4749
2523
6325
2838
4336
9135
1292
4665
4822
6076
1837
565
8466
8299
9914
2284
9653
7473
7619
5566
1691
5833
2197
6774
3867
4341
9737
9153
9827
1830
9567
9799
5796
8834
4600
2941
8231
5005
3087
8844
947
1301
5298
4301
2211
7930
1800
8001
6001
8831
9736
3410
5854
6594
7876
683
5431
932
6329
6108
1506
6056
7876
7256
1656
2409
1592
3897
4652
4980
8875
3404
1763
5126
1889
448
4877
4467
8368
131
6633
2069
3238
896
6104
6248
4990
8378
7584
4381
7002
6609
954
4920
2371
6531
7782
1844
2726
4426
1244
3787
4472
9778
4317
2370
354
6116
1593
978
8446
4530
432
3613
1176
7354
7060
2385
3715
13
534
6885
9882
6902
2662
3112
5099
3247
3197
9727
673
5985
3131
2470
2728
2989
7449
3958
5971
5401
8917
9080
4078
9520
9196
9778
3221
9675
2724
6683
7581
9078
8609
3724
3426
3118
4034
7838
5991
8276
8718
9253
4209
2516
2185
3111
5475
1498
6481
6116
1594
6537
6793
3208
8680
6710
8645
3303
5395
2462
5601
9049
9419
8473
1398
9138
4305
6109
8625
6107
3301
761
7527
5672
5974
85
1638
1818
3187
1721
2273
4065
1340
8703
1186
8811
4785
5227
8889
4062
3063
2474
3146
2219
1569
9742
6403
3040
6992
8462
6949
4573
3924
9972
6502
6883
2171
7229
6807
5177
2791
9457
5612
9437
4416
9747
4332
7840
2800
9588
3277
4495
1782
5608
12
5286
3212
8231
8395
2199
7294
2917
1185
8449
7923
4132
2812
6889
8161
8803
2707
43
7507
5509
8973
9046
4967
6841
6465
6874
7151
5485
5438
5679
4581
9992
8086
8965
5880
9347
3839
5560
8467
6849
1594
6675
194
8780
1283
6419
2888
6017
2341
2473
398
4717
2942
303
5078
9790
5275
1184
4062
2009
988
6789
2860
4775
2240
3752
5304
5776
9058
5275
6063
203
783
5089
600
4898
9216
7888
1485
1873
2134
7760
7015
9750
7162
2263
3963
2491
8877
5190
7917
1602
1099
5985
7125
7094
217
9387
5244
6880
1761
1308
998
7369
1034
9734
6362
4717
492
7190
961
5730
2291
9089
5136
2742
6740
7926
4803
2363
2311
2405
5027
287
1780
6430
6416
8936
2353
4219
2033
9706
8851
677
7859
7421
8091
7298
8068
3074
6379
7629
474
1776
35
9561
9271
9657
2166
685
6481
8386
4213
5358
2850
1608
879
6410
2932
4804
5662
3193
2773
6115
1606
2238
3107
7370
3709
2759
2382
9009
3482
81
1924
2040
5950
2226
7851
1844
3046
7568
4620
9862
5620
7026
3924
314
5105
8085
7157
534
7285
4647
367
5114
4855
9611
451
1665
4375
7110
560
2548
3440
5648
7101
8463
1157
1562
5629
2155
863
412
4281
6399
8246
7530
510
4488
6517
8121
7139
7853
4793
6874
7466
6584
4360
743
703
9642
7211
4535
6605
599
2637
6058
9834
8578
8023
6757
7786
6043
1711
1943
4534
2385
6697
701
3759
7018
2410
8127
718
5822
834
3867
9868
1031
506
1339
9903
5626
2827
1407
3896
5745
4455
9088
6807
4551
8899
5931
4662
2009
4850
74
3798
4413
3212
4599
1992
4858
5611
8998
6471
6787
5179
438
4911
2176
5396
6170
2111
9875
9850
4148
2378
2247
4466
7428
6597
5009
1331
2432
2511
7383
7750
50
5554
6141
6984
5668
2650
6352
5224
9605
9019
286
7181
183
2532
4071
636
8649
318
7061
8943
9141
9259
8458
3177
160
6720
1515
1737
9572
7839
4129
3235
5470
2104
3388
1523
1212
3743
9133
2829
6174
9448
1644
1459
7999
1849
8892
8
5282
3774
1019
4171
9080
8731
4024
3168
1874
6584
7411
1479
1644
4405
7255
8304
7073
3230
3277
834
7123
7453
6291
8004
6858
3671
6470
9330
3543
6369
4085
3902
3769
7568
1330
2709
9412
6263
4287
2682
2640
7241
4141
6134
4432
1680
7338
3281
366
6433
920
1082
3790
8775
2289
3611
4401
9941
1384
7926
8866
1904
6286
6519
2172
5442
9104
6863
6709
3312
519
157
4821
6420
9926
9040
6047
8714
8574
6731
1917
1168
5311
5383
4819
3477
487
3697
8979
2937
7612
2362
5261
683
9751
74
9028
8600
3327
5424
9078
2756
394
742
2330
6183
7578
2347
8532
1043
8191
2944
4946
5694
7091
9774
858
1991
1996
6106
3343
5480
9628
9733
6629
9566
9394
9412
1896
3733
6021
4147
7335
240
3314
6820
5324
1133
7852
6692
9038
2672
7411
354
1357
1457
4456
1935
7840
6747
8484
4821
817
6688
6491
3824
1326
1166
5650
6288
3001
8929
6630
9840
1708
5868
1599
6351
6309
9321
6772
8972
6015
6002
4860
1052
2440
7647
5884
1652
6662
8554
96
8231
9621
7346
6503
6370
8731
3087
7472
1788
7763
5207
1989
5576
4824
7937
1800
2824
1217
6468
918
2188
3882
6238
7564
1031
2688
6772
4611
6658
2563
630
6484
5045
666
4221
7685
5417
2135
4028
3064
6516
8941
2874
8583
2946
5820
996
8910
344
7227
6544
5330
5848
5374
5605
1088
5190
7274
7864
7261
5656
7069
6254
8361
1058
4350
5036
3079
5105
8753
1079
9607
1047
2957
8236
6662
8874
5912
3594
9700
2300
2720
5868
9712
533
7811
6773
4280
781
9831
8449
9508
7559
80
7700
4091
1552
7481
5268
2844
9930
7136
5712
8287
5917
2340
9304
871
645
4124
1167
9139
5166
7746
6927
1910
7479
3222
3161
8815
1757
7269
7144
5482
6985
4340
2358
8493
7110
1288
2261
4647
7243
3820
9232
6522
6785
1140
7127
9532
2115
5049
6187
1623
1836
9190
214
1630
9014
5962
8649
9769
9721
3849
142
7786
9069
7333
8684
1551
5377
6021
343
2313
1102
3861
2059
1100
5021
9522
7330
8862
2104
2607
6439
5862
5015
3479
2554
2152
8743
5963
8657
3585
9625
3620
909
1152
4889
3737
1906
2214
6677
4593
3984
8323
7422
3138
8479
8667
5931
4323
3863
7575
8269
1251
1262
4783
9576
540
8870
627
7652
4172
6244
8491
4819
1210
1933
239
5403
6225
7039
6020
2799
1345
2222
5108
3231
7294
5374
2208
893
5269
7203
8535
1215
4016
6018
5608
4382
7536
5333
232
7009
3888
2529
2665
2347
1980
9714
9708
1427
9648
3565
8801
2732
5929
332
6460
689
6925
4364
9591
6473
5638
7598
9712
2572
2909
2060
2848
3013
9693
2052
9993
175
339
6929
8241
6241
9094
728
4374
4033
8815
3806
7915
1266
627
1198
8305
132
3986
8490
223
5911
2268
7162
79
9141
6925
4165
6642
1348
9231
1372
9066
7130
7589
1337
844
4729
6241
312
4753
9278
7625
7939
2847
7016
6012
839
9788
1319
9342
1016
9743
3580
4826
8524
3251
9291
9582
4522
681
7821
4499
2359
2408
3065
1419
9140
5677
1644
3631
2244
8699
7078
3300
5637
1618
3058
5901
9712
2976
9652
4547
9214
4573
9116
5812
2548
7426
7939
340
6109
3876
9871
2844
6008
2123
9698
8851
6999
8189
605
9701
6522
193
4327
1019
4823
6823
7170
9517
500
8229
3453
6254
5346
5714
5146
3451
2845
5352
4271
5747
5532
8179
2626
1663
9159
7830
9630
1540
1253
8172
3365
576
3936
6726
9237
5924
2340
2291
7992
7482
8542
6557
6911
5116
6320
1564
4302
3358
5514
9392
1789
7694
6911
51
6173
3991
3243
4506
8898
2565
5867
738
5398
1443
1761
6631
180
2125
3543
7761
8461
6014
7827
5996
8976
8332
142
3228
1145
8185
1471
4803
9028
9482
1725
4484
7947
1701
4497
864
4617
9524
5959
1346
5998
5522
5697
4796
6543
2317
4833
8015
9277
3787
8622
9924
2065
3954
2586
2572
4336
2824
7729
5571
6865
4211
3373
3546
3960
6352
9185
3407
2418
1955
5392
1590
1645
9917
5854
230
4254
3428
3890
6134
1959
9082
6714
8735
7622
1975
162
7717
8994
2907
2878
8512
8936
5417
9469
4293
9115
5115
6647
9569
5702
9113
3086
7043
4290
5962
1610
9700
8301
127
9041
2214
4269
6999
70
8182
5656
5597
8361
4145
4715
7134
5840
3170
4489
1559
8550
8674
201
6980
8376
9973
7330
720
1051
5801
7125
8088
823
5563
6998
7980
3531
4486
5479
1553
6708
7878
74
2107
7253
1318
9807
1601
7224
9749
7560
1864
2707
8233
8743
1460
6130
3
5783
1658
9445
2476
8102
8678
1630
4434
2182
1010
7466
704
3870
6147
6958
8117
4635
9554
2239
9691
3496
9463
9481
6642
4237
1597
7840
9435
996
3001
3737
1890
6953
5866
1327
8081
8259
6936
7160
7776
2290
3905
447
884
4829
5563
2568
3755
887
4176
2508
4836
3696
6625
442
7290
9051
6216
716
5333
3360
617
4238
1967
8165
4606
3861
6813
59
4135
7208
6427
9361
9676
9534
9253
3696
9454
444
4668
4030
3089
133
7481
7680
470
5886
1684
3658
3897
2576
3871
741
3673
6220
1825
7907
5954
9670
365
9907
339
8695
7171
1635
9083
8747
7377
986
3111
892
2266
7868
6092
7000
9649
2319
3239
9181
9507
6026
5283
6722
2457
3956
1162
9568
4154
6476
6486
9844
9950
3398
8017
6081
5539
5933
4611
5206
2632
3206
9813
2491
1769
2165
6882
4208
2918
7725
7902
3722
4032
127
2252
1646
9840
792
8557
7610
2826
2765
5701
9754
7810
3944
5658
440
5676
8532
9633
2324
5932
939
6267
6180
4230
9932
3461
3227
7364
304
2820
5158
8475
107
5074
4657
3182
8324
2806
2908
2791
1254
328
2307
5650
9081
8588
8162
5086
603
3335
4142
2631
2338
4626
6592
1209
6838
6918
8616
1147
1572
3829
2940
8051
7298
7235
9537
7127
5902
6363
8768
4914
6886
6060
6388
7277
3759
9169
3213
8722
3579
8329
5533
7374
8309
2592
7232
9599
1849
2402
6805
5307
5293
6344
4259
395
7780
3386
7125
1363
491
6302
8415
9112
4660
5929
2520
8055
9501
8993
446
180
8549
8453
1115
1848
3704
8886
9009
7286
6971
4090
2007
4179
2374
4102
9602
6520
9635
5036
3475
2871
913
8651
2930
4339
2471
1182
8867
7064
9581
3960
477
2125
8041
4372
6035
4024
6386
682
6479
2768
6802
1284
2392
948
8127
4394
2965
7481
2203
6537
452
2526
5961
3088
9206
6379
3910
9870
8834
8760
1061
5159
3530
2825
6582
5047
7667
4409
3469
3284
6599
7842
8909
9151
3354
256
9362
2847
6645
439
8266
8854
2213
5910
7538
789
7634
305
2264
7
9119
6418
5833
6626
4247
9353
4136
2383
7332
3856
3833
8630
2396
3665
5345
5441
5093
3396
2047
626
2790
6132
8892
5937
5318
8744
2004
4220
4273
8138
7325
6616
3652
890
2319
725
9452
4881
7488
7350
8793
6253
6848
762
5588
3193
7989
7454
7636
1516
5256
934
651
3304
3282
4907
9619
7311
3116
4210
2492
2722
2005
2788
6725
5553
2114
445
8515
4706
8291
6038
4969
8927
1867
877
4413
7326
9562
6566
8222
3575
3912
2995
7529
1292
1303
3722
5332
27
4119
4319
1325
2149
3123
1322
2469
2951
7710
7837
3885
8521
2921
2719
8172
1966
7196
4041
2261
3803
2008
8412
8155
3762
1975
9040
5189
6495
9136
2787
3836
7809
5122
2681
3774
7124
968
3080
7483
9292
3615
8197
5723
3556
4701
6184
6604
9824
7971
5884
1318
3914
3654
5664
4174
2223
1757
4507
2024
3020
9126
2155
4095
8955
9740
4228
6226
2951
756
8954
2309
4649
4975
2002
9871
4837
1011
2273
5950
6071
9980
2470
1455
9017
2648
498
550
3310
6964
6351
8804
2629
7826
8607
2148
159
1158
8245
5567
9194
9383
8156
7608
4039
4692
179
1341
6157
9694
5379
4417
7997
6918
3614
6681
4538
947
9130
6731
6076
6519
4583
5515
8388
297
1229
9344
1871
9980
7807
1114
5332
5294
6481
5211
6556
4473
9311
9147
4117
9773
5905
3805
8538
9601
3492
1764
4080
8922
991
6323
6201
2639
6621
7061
2059
1048
1493
4180
174
6305
4855
9761
3046
1108
749
3458
8213
5220
7923
1770
3106
2174
3213
3988
2976
4773
9207
9469
9728
5854
1745
8744
4231
8487
7191
6228
4569
8946
6432
831
9917
3960
4800
3267
1224
3986
499
7557
6683
5206
6307
5360
9501
6683
2465
4234
9375
2425
6064
822
2696
8349
284
7558
543
9465
5421
3452
9110
5463
9473
6402
138
5818
2917
9457
7715
381
927
1202
4294
6570
2920
6740
6296
9677
1483
4385
9604
3413
8081
8162
2703
1237
9395
8652
2273
8621
769
3396
6002
1403
3036
4225
159
8186
5764
1229
5404
2805
4799
3903
2097
2375
8755
6496
9445
415
2486
9862
1068
5187
2833
2737
1384
4981
9717
6769
4020
4609
1453
5800
8733
716
3947
5791
1782
7152
2963
4584
3521
8865
7836
4216
312
6023
6900
4019
9875
4563
1666
8754
2788
7963
4574
9284
2201
9575
6244
4297
1980
5336
1944
9742
7772
4189
5812
8633
4097
4508
2291
3878
1130
4098
3523
9894
1681
6186
4264
658
494
8113
208
7261
2242
942
3953
8982
1090
4759
8807
2350
5757
7849
9940
7864
4254
749
763
6741
4752
9943
2076
1630
6066
5814
145
3043
766
6023
6054
271
8550
3185
5559
5358
8088
1443
6174
8756
9363
3837
7585
1088
741
8809
4209
5489
70
9877
4354
2093
6856
794
285
4889
6262
4065
5720
7953
6934
7935
4277
1784
170
2051
6450
2546
3949
712
2904
4831
7683
8987
9516
8723
7329
7365
1219
3492
4747
2251
6732
5641
7579
6525
6853
4369
2235
5371
4127
5620
9106
9893
7288
1675
3808
755
624
8911
7983
3667
2400
7958
673
8081
2664
3712
9916
9498
3421
106
3217
4469
8934
5687
17
4413
7665
8736
9789
5686
8870
1438
486
3129
9046
2671
5918
4597
9873
970
6018
7992
2543
9947
2115
9756
7570
603
7387
3156
6786
9804
5728
5277
2727
1575
4160
4640
2118
756
5497
8585
8962
5133
8508
6848
3317
3118
1097
871
2761
2346
2445
1396
9121
1170
9940
3701
6495
5168
71
6701
1531
2429
1779
3964
673
8172
6366
3765
6660
9612
2533
7880
8718
1282
5960
3542
8133
8337
1313
7059
9141
9616
272
1243
3034
271
6327
4873
4952
745
8072
3890
3540
8783
473
8028
112
1263
5807
9319
5292
1586
9742
1059
3660
8245
4671
7953
5278
9474
5292
3650
2039
5224
8323
5105
1141
7430
942
9410
900
9102
2737
3829
973
7258
1765
4822
2488
2689
1883
9494
73
8001
656
9424
1220
8790
7374
7984
1759
9839
475
5256
3278
2561
1683
9022
9082
5664
5151
3769
6600
9992
8313
9017
9874
5067
367
8633
3585
8128
348
490
4339
2155
1545
6714
5125
236
5306
7300
3589
464
3255
7924
8424
6463
3884
5902
672
2327
4171
4668
3403
2030
6607
8431
4255
5858
734
2975
1399
3241
2024
4872
7998
3750
9165
3051
6972
6907
1
1638
1197
4637
2491
6870
7531
6939
9854
5347
3290
7152
5891
7356
5820
4432
2314
2517
1018
2665
1092
9318
9496
2495
4112
8523
6197
7469
4432
2036
8247
6481
5318
3193
1923
4874
9135
6818
8133
5356
5173
8586
1560
3552
9020
6841
4870
9874
4558
4908
9332
1134
4941
7408
7554
7290
8554
2307
5879
6180
1725
6448
1342
5880
2501
5545
3443
2642
2272
8751
5800
3844
9267
8666
3822
3173
1350
4142
3903
6684
8011
9656
1346
9971
8676
7078
3672
5474
8508
4099
4744
7704
1580
7918
6714
1408
1034
1053
7557
3857
4897
3823
7810
2895
8954
254
396
2816
237
25
497
2599
2103
710
2916
7552
3717
9309
6824
55
5490
3777
2604
7625
7590
9679
2220
8912
8296
8190
9192
2761
2457
6596
9595
7293
6544
8065
8878
3308
3242
7793
6275
7681
7834
2153
3980
7379
2949
8936
4965
3974
5592
8289
6216
4221
3580
3302
967
4305
4017
1749
4249
8674
5124
911
3482
9101
687
4251
6241
4266
1196
4001
6992
9279
5433
4671
1859
3429
9772
3753
2159
2611
6338
5806
4047
1840
4107
6770
8379
1038
7318
8802
7478
6017
9583
607
6360
5514
6072
2611
1491
6200
5448
8380
4579
1565
4669
6365
8258
40
4358
9010
7493
3756
8754
1772
4271
7264
2057
4925
9711
2253
7843
6374
9624
5108
4688
5045
3961
99
9854
2539
7560
5266
3978
3555
2089
6190
212
8722
1707
5512
3867
2865
7128
7475
3767
5445
1090
110
5926
8102
1457
2014
9580
3730
2273
7365
8567
7428
3295
9339
3283
3790
4736
5639
4087
1830
2361
7554
7987
5238
7894
4497
9171
8277
7015
1021
9867
8989
6987
3671
96
976
4480
8211
7647
8278
6856
9769
1435
6073
9353
5158
1289
5726
174
3383
1528
6628
7300
7778
6700
7617
9721
7600
6970
237
4506
9253
5345
2126
2792
3890
4388
7578
3683
4997
8495
2981
2750
5668
6334
7838
8358
6576
8823
4539
6896
4229
1715
490
7414
7469
7923
5440
2545
3878
4198
7025
7079
1859
6710
1069
2217
3281
567
8277
529
9663
7219
9212
9131
9058
1284
2042
6585
9783
9260
1489
6815
5686
3329
3185
2925
1533
2829
1707
7444
8360
9396
9232
6355
1332
105
1609
3327
665
9855
9038
4057
6104
5983
8698
7125
9869
9462
1512
153
7532
9348
6978
8903
2309
6296
4476
8780
5563
5022
7644
6435
914
3439
1832
1540
2822
9280
6960
2198
4265
1447
8274
6249
8896
4555
5890
9299
4777
8382
8888
2991
6405
8344
5785
2186
7409
4651
5764
5199
6042
1038
2281
540
4880
2544
4435
6817
4338
5800
7107
5807
8065
2841
9217
6499
3361
6355
5998
7746
5796
7294
8670
7989
9700
9504
4532
4803
408
2510
9712
4789
3896
4641
1405
8419
2485
4697
1766
6933
2690
8430
7514
4699
7711
7913
4768
4605
954
4033
3282
3236
4454
2176
1991
292
6070
9421
9059
1288
4286
3955
7878
9790
6411
7621
8006
2180
4096
382
8350
5227
1982
3165
7148
2328
9478
6299
5363
5409
4217
6854
5069
6966
7762
6774
7975
8699
2072
5418
1270
9833
1365
2259
2548
3626
5493
2412
9443
117
4053
5738
2682
8860
1981
554
3987
8403
248
2899
954
7815
7518
3839
9394
3642
1494
3319
1763
941
999
5112
611
8350
5728
7585
5431
73
8770
8413
9573
2162
2218
5439
9647
3121
7023
6534
4890
2731
7803
1346
7936
7400
1774
1044
6730
5934
6462
1815
2784
9386
5335
9170
1192
1465
9175
1735
6837
4753
472
4644
6298
7493
6470
2808
1394
3447
3191
6389
5430
692
9361
4743
405
7416
3686
4090
6134
43
8385
3082
6499
7951
5835
801
2888
4816
3263
3323
9109
6269
8311
4275
6168
1756
709
6297
3032
5424
6307
2347
7599
5454
1780
1151
2077
26
1216
4543
4040
4144
6254
9091
9380
1129
9893
5219
5008
2581
4316
5550
1176
6469
4841
9121
2832
1654
4275
9420
7708
9008
3307
2117
2164
856
3982
2362
9136
1247
1637
3656
334
4543
454
6348
9686
7720
6844
123
6738
2804
2714
2470
7787
9087
1149
3654
4418
7350
4982
9621
9272
2418
6798
3127
6213
1935
2259
810
2933
3631
9791
9888
3925
923
5361
230
5504
4556
2728
8401
6512
9932
1462
5584
2898
9563
6238
6975
9841
3823
2227
3110
1893
5475
4087
9686
6913
8925
972
52
6642
1023
4222
4247
6814
3478
6182
2490
9245
1253
18
5673
4940
9437
9097
305
4970
7321
8149
5622
8919
1356
3344
1214
7142
6960
5125
8379
8955
7593
1769
3226
5227
6172
6665
9324
6040
5457
4355
4058
2102
8619
2224
6594
2394
764
9390
3349
4946
6476
2406
9308
4958
3444
3783
312
1668
7505
9144
5426
7443
3456
7041
6210
8992
1170
1155
6510
949
2753
1387
4718
9264
3314
6662
964
6009
514
1053
4625
1738
7267
4686
686
1518
3510
604
1517
1600
6743
9498
5564
7530
110
